install.packages("ROI")
install.packages(c("Rglpk","ROI.plugin.glpk"))
library(ROI)
library(Rglpk)
library(ROI.plugin.glpk)

LP_1 <- OP( objective = c(415.08,461.23,447.71,391.75,361.79,391.64,408.94,423.53,366.56,393.14,393.14,370.66,417.29,401.56,401.29,453.77,459.72,387.08,331.79,413.65,407.79),
          L_constraint(L = matrix(c(1,	1,	1,	0,	0,	0,	0, 0, 0, 0, 0, 0, 0, 0, 0, 0, 0, 0, 0, 0, 0,
                                    0,	0,	0,	1,	1,	1,	0, 0, 0, 0, 0, 0, 0, 0, 0, 0, 0, 0, 0, 0, 0,
                                    0,	0,	0,	0,	0,	0,	1, 1, 0, 0, 0, 0, 0, 0, 0, 0, 0, 0, 0, 0, 0,
                                    0,	0,	0,	0,	0,	0,	0, 0, 1, 1, 1, 0, 0, 0, 0, 0, 0, 0, 0, 0, 0,
                                    0,	0,	0,	0,	0,	0,	0, 0, 0, 0, 0, 1, 1, 1, 0, 0, 0, 0, 0, 0, 0, 
                                    0,	0,	0,	0,	0,	0,	0, 0, 0, 0, 0, 0, 0, 0, 1, 1, 1, 0, 0, 0, 0,
                                    0,	0,	0,	0,	0,	0,	0, 0, 0, 0, 0, 0, 0, 0, 0, 0, 0, 1, 0, 0, 0,
                                    0,	0,	0,	0,	0,	0,	0, 0, 0, 0, 0, 0, 0, 0, 0, 0, 0, 0, 1, 1, 1,
                                    1,	0,	0,	1,	0,	0,	1, 0, 1, 0, 0, 1, 0, 0, 1, 0, 0, 0, 1, 0, 0,
                                    0,	1,	0,	0,	1,	0,	0, 0, 0, 1, 0, 0, 1, 0, 0, 1, 0, 1, 0, 1, 0,
                                    0,	0,	1,	0,	0,	1,	0, 1, 0, 0, 1, 0, 0, 1, 0, 0, 1, 0, 0, 0, 1), ncol = 21, byrow = TRUE),
                       dir = c(">=",">=",">=",">=",">=",">=",">=",">=","<=","<=","<="),
                       rhs = c(33913, 202677,74160,45108,99146,123802,74497,56947,206704,255446,325524)),
          maximum = FALSE )
LP_1
sol_1 <- ROI_solve(LP_1,solver="glpk")
sol_1
sol_1$solution
View(sol_1$solution)

